3

4 5 x | x x x | x 3 x 
7 x x | x x 3 | x 9 1 
3 x 6 | x 1 x | 4 5 x 
---------------------
9 x x | 7 x 5 | x x 6 
6 x x | 1 x 9 | x x 5 
8 x x | 6 x 4 | x x 9 
---------------------
x 6 4 | x 7 x | 5 x 3 
2 7 x | 3 x x | x x 4 
x 3 x | x x x | x 7 8 

(Easy puzzle from www.websudoku.com)




4 5 1 | 2 6 7 | 8 3 1 
7 2 5 | 4 8 3 | 6 9 1 
3 8 6 | 9 1 2 | 4 5 7 
---------------------
9 1 2 | 7 3 5 | 1 4 6 
6 4 3 | 1 2 9 | 7 8 5 
8 1 7 | 6 5 4 | 1 2 9 
---------------------
1 6 4 | 8 7 1 | 5 1 3 
2 7 8 | 3 9 1 | 1 6 4 
5 3 9 | 1 4 6 | 2 7 8 
4 5 1  2 6 7  8 3 1 
7 2 5  4 8 3  6 9 1 
3 8 6  9 1 2  4 5 7 
9 1 2  7 3 5  1 4 6 
6 4 3  1 2 9  7 8 5 
8 1 7  6 5 4  1 2 9 
1 6 4  8 7 1  5 1 3 
2 7 8  3 9 1  1 6 4 
5 3 9  1 4 6  2 7 8 